census
5.873282
3.008102
18.516816823
10.804413507
2.80409026

voting
13.692846
10.288065
0.263474565
0.276129374
0.096767351

letter
103.601706
36.600822
72.033615582
79.929216127
80.7415335826

hepatitis
30.095161
147.230065
0.146427219
0.143075645
0.077747351

image
435.832472
648.232549
2.771176306
2.88687619
2.44088269

mushroom
102.140279
255.284945
9.673048986
9.652037496
0.635835907

parkinsons
3484.049183
553.567477
0.776882477
0.651769457
0.583941459

autos
406.32017
2487.784721
1.173008457
1.266957928
1.182414249

flag
1363.055556
TIME LIMIT EXCEEDED
0.686072783
0.608696292
0.493342731
